00000 10000
00175 09998
00349 09994
00523 09986
00698 09976
00872 09962
01045 09945
01219 09925
01392 09903
01564 09877
01736 09848
01908 09816
02079 09781
02250 09744
02419 09703
02588 09659
02756 09613
02924 09563
03090 09511
03256 09455
03420 09397
03584 09336
03746 09272
03907 09205
04067 09135
04226 09063
04384 08988
04540 08910
04695 08829
04848 08746
05000 08660
05150 08572
05299 08480
05446 08327
05592 08290
05736 08192
05878 08090
06018 07986
06157 07880
06293 07771
06428 07660
06561 07547
06691 07431
06820 07314
06947 07193
07071 07071
07193 06947
07314 06820
07431 06691
07547 06561
07660 06428
07771 06293
07880 06157
07986 06018
08090 05878
08192 05736
08290 05592
08387 05446
08480 05299
08572 05150
08660 05000
08746 04848
08829 04695
08910 04540
08988 04384
09063 04226
09135 04067
09205 03907
09272 03746
09336 03584
09397 03420
09455 03256
09511 03090
09563 02924
09613 02756
09659 02588
09703 02419
09744 02250
09781 02079
09816 01908
09848 01736
09877 01564
09903 01392
09925 01219
09945 01045
09962 00872
09976 00698
09986 00523
09994 00349
09998 00175